# oST version 5.0 parameters


[image]

width
1600

height
1200

[narrow_stereo]

camera matrix
2105.739957 0.000000 637.741377
0.000000 2137.165937 699.334736
0.000000 0.000000 1.000000

distortion
0.334799 2.692926 -0.015260 -0.071480 0.000000

rectification
1.000000 0.000000 0.000000
0.000000 1.000000 0.000000
0.000000 0.000000 1.000000

projection
2449.518311 0.000000 621.638556 0.000000
0.000000 2490.562012 678.769614 0.000000
0.000000 0.000000 1.000000 0.000000

